
PRIMARY             : 0.000000 %
SECONDARY           : 0.000000 %
EMOTIONS            : 0.000000 %

75 words total
